61
73
85
89
94
97
103
106
109
113
118
124
125
127
133
137
139
149
151
157
163
166
172
173
179
181
191
193
199
201
202
211
214
217
229
233
236
237
239
241
244
249
250
251
253
259
261
262
265
268
271
274
277
281
283
284
286
292
293
295
298
301
302
307
309
310
311
313
314
317
319
329
331
334
337
340
341
343
347
349
353
354
355
356
358
364
365
366
367
369
370
373
376
379
382
388
389
391
393
394
397
403
406
409
412
415
417
419
421
422
424
428
429
430
431
433
436
445
446
449
451
452
453
454
457
459
460
461
463
466
467
471
472
477
478
479
481
487
489
490
491
493
496
497
500
501
502
508
509
511
512
513
517
519
521
523
524
526
532
533
534
535
537
538
541
542
543
547
548
549
550
553
554
556
559
561
562
565
566
569
571
581
583
586
587
589
593
594
596
597
598
599
601
604
605
606
607
609
610
611
613
614
617
619
622
628
629
631
633
634
636
637
639
640
641
643
645
647
649
652
653
654
655
657
661
662
664
666
667
669
670
673
679
681
682
683
685
686
688
691
692
693
694
698
699
700
701
703
705
709
713
716
717
718
719
721
722
724
733
734
737
739
741
742
743
745
746
748
749
750
751
753
754
757
758
761
763
764
765
766
769
771
772
773
775
778
779
781
787
789
790
794
796
797
801
802
804
805
806
807
808
809
811
814
821
823
826
827
829
831
832
833
834
835
838
844
845
846
847
849
851
853
854
856
857
859
861
862
863
864
865
868
869
871
873
877
878
879
881
883
886
887
889
893
907
911
913
914
916
917
918
919
921
922
925
926
927
928
929
931
932
934
937
941
944
945
946
947
948
949
950
951
953
954
955
956
958
964
965
967
969
970
971
972
973
974
976
977
979
981
983
985
988
989
991
995
996
997
998
999
1000
